8297020682
8297034261
8297033686
9160279445
7799068182
8297044439
7799002618
9160279489
7799068194
8297044443
7799068752
8297033695
7799012822
7799013375
7799068764
8297033699
7799012826
8297020886
8297034312
8297033703
7799012830
8297020934
8297034324
8297033707
9160279676
7799068245
8297044460
7799002639
9160279720
7799068257
8297044464
7799068815
8297033716
7799012843
7799013396
7799068827
8297033720
7799012847
8297021138
8297034375
8297033724
7799012851
8297021186
8297034387
8297033728
9160279907
7799068308
8297044481
7799002660
9160279951
7799068320
8297044485
7799068878
8297033737
7799012864
7799013417
7799068890
8297033741
7799012868
8297021390
8297034438
8297033745
7799012872
8297021438
8297034450
8297033749
9160280138
7799068371
8297044502
7799002681
9160280182
7799068383
8297044506
7799068941
8297033758
7799012885
7799013438
7799068953
8297033762
7799012889
8297021642
8297034501
8297033766
7799012893
8297021690
8297034513
8297033770
9160280369
7799068434
8297044523
7799002702
9160280413
7799068446
8297044527
7799069004
8297033779
7799012906
7799013459
7799069016
8297033783
7799012910
8297021894
8297034564
8297033787
7799012914
8297021942
8297034576
8297033791
9160280600
7799068497
8297044544
7799002723
9160280644
7799068509
8297044548
7799069067
8297033800
7799012927
7799013480
7799069079
8297033804
7799012931
8297022146
8297034627
8297033808
7799012935
8297022194
8297034639
8297033812
9160280831
7799068560
8297044565
7799002744
9160280875
7799068572
8297044569
7799069130
8297033821
7799012948
7799013501
7799069142
8297033825
7799012952
8297022398
8297034690
8297033829
7799012956
8297022446
8297034702
8297033833
9160281062
7799068623
8297044586
7799002765
9160281106
7799068635
8297044590
7799069193
8297033842
7799012969
7799013522
7799069205
8297033846
7799012973
8297022650
8297034753
8297033850
7799012977
8297022698
8297034765
8297033854
9160281293
7799068686
8297044607
7799002786
9160281337
7799068698
8297044611
7799069256
8297033863
7799012990
7799013543
7799069268
8297033867
7799012994
8297022902
8297034816
8297033871
7799012998
8297022950
8297034828
8297033875
9160281524
7799068749
8297044628
7799002807
9160281568
7799068761
8297044632
7799069319
8297033884
7799013011
7799013564
7799069331
8297033888
7799013015
8297023154
8297034879
8297033892
7799013019
8297023202
8297034891
8297033896
9160281755
7799068812
8297044649
7799002828
9160281799
7799068824
8297044653
7799069382
8297033905
7799013032
7799013585
7799069394
8297033909
7799013036
8297023406
8297034942
8297033913
7799013040
8297023454
8297034954
8297033917
9160281986
7799068875
8297044670
7799002849
9160282030
7799068887
8297044674
7799069445
8297033926
7799013053
7799013606
7799069457
8297033930
7799013057
8297023658
8297035005
8297033934
7799013061
8297023706
8297035017
8297033938
9160282217
7799068938
8297044691
7799002870
9160282261
7799068950
8297044695
7799069508
8297033947
7799013074
7799013627
7799069520
8297033951
7799013078
8297023910
8297035068
8297033955
7799013082
8297023958
8297035080
8297033959
9160282448
7799069001
8297044712
7799002891
9160282492
7799069013
8297044716
7799069571
8297033968
7799013095
7799013648
7799069583
8297033972
7799013099
8297024162
8297035131
8297033976
7799013103
8297024210
8297035143
8297033980
9160282679
7799069064
8297044733
7799002912
9160282723
7799069076
8297044737
7799069634
8297033989
7799013116
7799013669
7799069646
8297033993
7799013120
8297024414
8297035194
8297033997
7799013124
8297024462
8297035206
8297034001
9160282910
7799069127
8297044754
7799002933
9160282954
7799069139
8297044758
7799069697
8297034010
7799013137
7799013690
7799069709
8297034014
7799013141
8297024666
8297035257
8297034018
7799013145
8297024714
8297035269
8297034022
9160283141
7799069190
8297044775
7799002954
9160283185
7799069202
8297044779
7799069760
8297034031
7799013158
7799013711
7799069772
8297034035
7799013162
8297024918
8297035320
8297034039
7799013166
8297024966
8297035332
8297034043
9160283372
7799069253
8297044796
7799002975
9160283416
7799069265
8297044800
7799069823
8297034052
7799013179
7799013732
7799069835
8297034056
7799013183
8297025170
8297035383
8297034060
7799013187
8297025218
8297035395
8297034064
9160283603
7799069316
8297044817
7799002996
9160283647
7799069328
8297044821
7799069886
8297034073
7799013200
7799013753
7799069898
8297034077
7799013204
8297025422
8297035446
8297034081
7799013208
8297025470
8297035458
8297034085
9160283834
7799069379
8297044838
7799003017
9160283878
7799069391
8297044842
7799069949
8297034094
7799013221
7799013774
7799069961
8297034098
7799013225
8297025674
8297035509
8297034102
7799013229
8297025722
8297035521
8297034106
9160284065
7799069442
8297044859
7799003038
9160284109
7799069454
8297044863
7799070012
8297034115
7799013242
7799013795
7799070024
8297034119
7799013246
8297025926
8297035572
8297034123
7799013250
8297025974
8297035584
8297034127
9160284296
7799069505
8297044880
7799003059
9160284340
7799069517
8297044884
7799070075
8297034136
7799013263
7799013816
7799070087
8297034140
7799013267
8297026178
8297035635
8297034144
7799013271
8297026226
8297035647
8297034148
9160284527
7799069568
8297044901
7799003080
9160284571
7799069580
8297044905
7799070138
8297034157
7799013284
7799013837
7799070150
8297034161
7799013288
8297026430
8297035698
8297034165
7799013292
8297026478
8297035710
8297034169
9160284758
7799069631
8297044922
7799003101
9160284802
7799069643
8297044926
7799070201
8297034178
7799013305
7799013858
7799070213
8297034182
7799013309
8297026682
8297035761
8297034186
7799013313
8297026730
8297035773
8297034190
9160284989
7799069694
8297044943
7799003122
9160285033
7799069706
8297044947
7799070264
8297034199
7799013326
7799013879
7799070276
8297034203
7799013330
8297026934
8297035824
8297034207
7799013334
8297026982
8297035836
8297034211
9160285220
7799069757
8297044964
7799003143
9160285264
7799069769
8297044968
7799070327
8297034220
7799013347
7799013900
7799070339
8297034224
7799013351
8297027186
8297035887
8297034228
7799013355
8297027234
8297035899
8297034232
9160285451
7799069820
8297044985
7799003164
9160285495
7799069832
8297044989
7799070390
8297034241
7799013368
7799013921
7799070402
8297034245
7799013372
8297027438
8297035950
8297034249
7799013376
8297027486
8297035962
8297034253
9160285682
7799069883
8297045006
7799003185
9160285726
7799069895
8297045010
7799070453
8297034262
7799013389
7799013942
7799070465
8297034266
7799013393
8297027690
8297036013
8297034270
7799013397
8297027738
8297036025
8297034274
9160285913
7799069946
8297045027
7799003206
9160285957
7799069958
8297045031
7799070516
8297034283
7799013410
7799013963
7799070528
8297034287
7799013414
8297027942
8297036076
8297034291
7799013418
8297027990
8297036088
8297034295
9160286144
7799070009
8297045048
7799003227
9160286188
7799070021
8297045052
7799070579
8297034304
7799013431
7799013984
7799070591
8297034308
7799013435
8297028194
8297036139
7799000018
7799013439
8297028242
8297036151
8297034316
9160286375
7799070072
8297045069
7799003248
9160286419
7799070084
8297045073
7799070642
8297034325
7799013452
7799014005
7799070654
8297034329
7799013456
8297028446
8297036202
8297034333
7799013460
8297028494
8297036214
8297034337
9160286606
7799070135
8297045090
7799003269
9160286650
7799070147
8297045094
7799070705
8297034346
7799013473
7799014026
7799070717
8297034350
7799013477
8297028698
8297036265
8297034354
7799013481
8297028746
8297036277
8297034358
9160286837
7799070198
8297045111
7799003290
9160286881
7799070210
8297045115
7799070768
8297034367
7799013494
7799014047
7799070780
8297034371
7799013498
8297028950
8297036328
7799000039
7799013502
8297028998
8297036340
8297034379
9160287068
7799070261
8297045132
7799003311
9160287112
7799070273
8297045136
7799070831
8297034388
7799013515
7799014068
7799070843
8297034392
7799013519
8297029202
8297036391
8297034396
7799013523
8297029250
8297036403
8297034400
9160287299
7799070324
8297045153
7799003332
9160287343
7799070336
8297045157
7799070894
8297034409
7799013536
7799014089
7799070906
8297034413
7799013540
8297029454
8297036454
8297034417
7799013544
8297029502
8297036466
8297034421
9160287530
7799070387
8297045174
7799003353
9160287574
7799070399
8297045178
7799070957
8297034430
7799013557
7799014110
7799070969
8297034434
7799013561
8297029706
8297036517
7799000060
7799013565
8297029754
8297036529
8297034442
9160287761
7799070450
8297045195
7799003374
9160287805
7799070462
8297045199
7799071020
8297034451
7799013578
7799014131
7799071032
8297034455
7799013582
8297029958
8297036580
8297034459
7799013586
8297030006
8297036592
8297034463
9160287992
7799070513
8297045216
7799003395
9160288036
7799070525
8297045220
7799071083
8297034472
7799013599
7799014152
7799071095
8297034476
7799013603
8297030210
8297036643
8297034480
7799013607
8297030258
8297036655
8297034484
9160288223
7799070576
8297045237
7799003416
9160288267
7799070588
8297045241
7799071146
8297034493
7799013620
7799014173
7799071158
8297034497
7799013624
8297030462
8297036706
7799000081
7799013628
8297030510
8297036718
8297034505
9160288454
7799070639
8297045258
7799003437
9160288498
7799070651
8297045262
7799071209
8297034514
7799013641
7799014194
7799071221
8297034518
7799013645
8297030714
8297036769
8297034522
7799013649
8297030762
8297036781
8297034526
9160288685
7799070702
8297045279
7799003458
9160288729
7799070714
8297045283
7799071272
8297034535
7799013662
7799014215
7799071284
8297034539
7799013666
8297030966
8297036832
8297034543
7799013670
8297031014
8297036844
8297034547
9160288916
7799070765
8297045300
7799003479
9160288960
7799070777
8297045304
7799071335
8297034556
7799013683
7799014236
7799071347
8297034560
7799013687
8297031218
8297036895
7799000102
7799013691
8297031266
8297036907
8297034568
9160289147
7799070828
8297045321
7799003500
9160289191
7799070840
8297045325
7799071398
8297034577
7799013704
7799014257
7799071410
8297034581
7799013708
8297031470
8297036958
8297034585
7799013712
8297031518
8297036970
8297034589
9160289378
7799070891
8297045342
7799003521
9160289422
7799070903
8297045346
7799071461
8297034598
7799013725
7799014278
7799071473
8297034602
7799013729
8297031722
8297037021
8297034606
7799013733
8297031770
8297037033
8297034610
9160289609
7799070954
8297045363
7799003542
9160289653
7799070966
8297045367
7799071524
8297034619
7799013746
7799014299
7799071536
8297034623
7799013750
8297031974
8297037084
7799000123
7799013754
8297032022
8297037096
8297034631
9160289840
7799071017
8297045384
7799003563
9160289884
7799071029
8297045388
7799071587
8297034640
7799013767
7799014320
7799071599
8297034644
7799013771
8297032226
8297037147
8297034648
7799013775
8297032274
8297037159
8297034652
9160290071
7799071080
8297045405
7799003584
9160290115
7799071092
8297045409
7799071650
8297034661
7799013788
7799014341
7799071662
8297034665
7799013792
8297032478
8297037210
8297034669
7799013796
8297032526
8297037222
8297034673
9160290302
7799071143
8297045426
7799003605
9160290346
7799071155
8297045430
7799071713
8297034682
7799013809
7799014362
7799071725
8297034686
7799013813
8297032730
8297037273
7799000144
7799013817
8297032778
8297037285
8297034694
9160290533
7799071206
8297045447
7799003626
9160290577
7799071218
8297045451
7799071776
8297034703
7799013830
7799014383
7799071788
8297034707
7799013834
8297032982
8297037336
8297034711
7799013838
8297033030
8297037348
8297034715
9160290764
7799071269
8297045468
7799003647
9160290808
7799071281
8297045472
7799071839
8297034724
7799013851
7799014404
7799071851
8297034728
7799013855
8297033234
8297037399
8297034732
7799013859
8297033282
8297037411
8297034736
9160290995
7799071332
8297045489
7799003668
9160291039
7799071344
8297045493
7799071902
8297034745
7799013872
7799014425
7799071914
8297034749
7799013876
8297033486
8297037462
7799000165
7799013880
8297033534
8297037474
8297034757
9160291226
7799071395
8297045510
7799003689
9160291270
7799071407
8297045514
7799071965
8297034766
7799013893
7799014446
7799071977
8297034770
7799013897
8297033738
8297037525
8297034774
7799013901
8297033786
8297037537
8297034778
9160291457
7799071458
8297045531
7799003710
9160291501
7799071470
8297045535
7799072028
8297034787
7799013914
7799014467
7799072040
8297034791
7799013918
8297033990
8297037588
8297034795
7799013922
8297034038
8297037600
8297034799
9160291688
7799071521
8297045552
7799003731
9160291732
7799071533
8297045556
7799072091
8297034808
7799013935
7799014488
7799072103
8297034812
7799013939
8297034242
8297037651
7799000186
7799013943
8297034290
8297037663
8297034820
9160291919
7799071584
8297045573
7799003752
9160291963
7799071596
8297045577
7799072154
8297034829
7799013956
7799014509
7799072166
8297034833
7799013960
8297034494
8297037714
8297034837
7799013964
8297034542
8297037726
8297034841
9160292150
7799071647
8297045594
7799003773
9160292194
7799071659
8297045598
7799072217
8297034850
7799013977
7799014530
7799072229
8297034854
7799013981
8297034746
8297037777
8297034858
7799013985
8297034794
8297037789
8297034862
9160292381
7799071710
8297045615
7799003794
9160292425
7799071722
8297045619
7799072280
8297034871
7799013998
7799014551
7799072292
8297034875
7799014002
8297034998
8297037840
7799000207
7799014006
8297035046
8297037852
8297034883
9160292612
7799071773
8297045636
7799003815
9160292656
7799071785
8297045640
7799072343
8297034892
7799014019
7799014572
7799072355
8297034896
7799014023
8297035250
8297037903
8297034900
7799014027
8297035298
8297037915
8297034904
9160292843
7799071836
8297045657
7799003836
9160292887
7799071848
8297045661
7799072406
8297034913
7799014040
7799014593
7799072418
8297034917
7799014044
8297035502
8297037966
8297034921
7799014048
8297035550
8297037978
8297034925
9160293074
7799071899
8297045678
7799003857
9160293118
7799071911
8297045682
7799072469
8297034934
7799014061
7799014614
7799072481
8297034938
7799014065
8297035754
8297038029
7799000228
7799014069
8297035802
8297038041
8297034946
9160293305
7799071962
8297045699
7799003878
9160293349
7799071974
8297045703
7799072532
8297034955
7799014082
7799014635
7799072544
8297034959
7799014086
8297036006
8297038092
8297034963
7799014090
8297036054
8297038104
8297034967
9160293536
7799072025
8297045720
7799003899
9160293580
7799072037
8297045724
7799072595
8297034976
7799014103
7799014656
7799072607
8297034980
7799014107
8297036258
8297038155
8297034984
7799014111
8297036306
8297038167
8297034988
9160293767
7799072088
8297045741
7799003920
9160293811
7799072100
8297045745
7799072658
8297034997
7799014124
7799014677
7799072670
8297035001
7799014128
8297036510
8297038218
7799000249
7799014132
8297036558
8297038230
8297035009
9160293998
7799072151
8297045762
7799003941
9160294042
7799072163
8297045766
7799072721
8297035018
7799014145
7799014698
7799072733
8297035022
7799014149
8297036762
8297038281
8297035026
7799014153
8297036810
8297038293
8297035030
9160294229
7799072214
8297045783
7799003962
9160294273
7799072226
8297045787
7799072784
8297035039
7799014166
7799014719
7799072796
8297035043
7799014170
8297037014
8297038344
8297035047
7799014174
8297037062
8297038356
8297035051
9160294460
7799072277
8297045804
7799003983
9160294504
7799072289
8297045808
7799072847
8297035060
7799014187
7799014740
7799072859
8297035064
7799014191
8297037266
8297038407
7799000270
7799014195
8297037314
8297038419
8297035072
9160294691
7799072340
8297045825
7799004004
9160294735
7799072352
8297045829
7799072910
8297035081
7799014208
7799014761
7799072922
8297035085
7799014212
8297037518
8297038470
8297035089
7799014216
8297037566
8297038482
8297035093
9160294922
7799072403
8297045846
7799004025
9160294966
7799072415
8297045850
7799072973
8297035102
7799014229
7799014782
7799072985
8297035106
7799014233
8297037770
8297038533
8297035110
7799014237
8297037818
8297038545
8297035114
9160295153
7799072466
8297045867
7799004046
9160295197
7799072478
8297045871
7799073036
8297035123
7799014250
7799014803
7799073048
8297035127
7799014254
8297038022
8297038596
7799000291
7799014258
8297038070
8297038608
8297035135
9160295384
7799072529
8297045888
7799004067
9160295428
7799072541
8297045892
7799073099
8297035144
7799014271
7799014824
7799073111
8297035148
7799014275
8297038274
8297038659
8297035152
7799014279
8297038322
8297038671
8297035156
9160295615
7799072592
8297045909
7799004088
9160295659
7799072604
8297045913
7799073162
8297035165
7799014292
7799014845
7799073174
8297035169
7799014296
8297038526
8297038722
8297035173
7799014300
8297038574
8297038734
8297035177
9160295846
7799072655
8297045930
7799004109
9160295890
7799072667
8297045934
7799073225
8297035186
7799014313
7799014866
7799073237
8297035190
7799014317
8297038778
8297038785
7799000312
7799014321
8297038826
8297038797
8297035198
9160296077
7799072718
8297045951
7799004130
9160296121
7799072730
8297045955
7799073288
8297035207
7799014334
7799014887
7799073300
8297035211
7799014338
8297039030
8297038848
8297035215
7799014342
8297039078
8297038860
8297035219
9160296308
7799072781
8297045972
7799004151
9160296352
7799072793
8297045976
7799073351
8297035228
7799014355
7799014908
7799073363
8297035232
7799014359
8297039282
8297038911
8297035236
7799014363
8297039330
8297038923
8297035240
9160296539
7799072844
8297045993
7799004172
9160296583
7799072856
8297045997
7799073414
8297035249
7799014376
7799014929
7799073426
8297035253
7799014380
8297039534
8297038974
7799000333
7799014384
8297039582
8297038986
8297035261
9160296770
7799072907
8297046014
7799004193
9160296814
7799072919
8297046018
7799073477
8297035270
7799014397
7799014950
7799073489
8297035274
7799014401
8297039786
8297039037
8297035278
7799014405
8297039834
8297039049
8297035282
9160297001
7799072970
8297046035
7799004214
9160297045
7799072982
8297046039
7799073540
8297035291
7799014418
7799014971
7799073552
8297035295
7799014422
8297040038
8297039100
8297035299
7799014426
8297040086
8297039112
8297035303
9160297232
7799073033
8297046056
7799004235
9160297276
7799073045
8297046060
7799073603
8297035312
7799014439
7799014992
7799073615
8297035316
7799014443
8297040290
8297039163
7799000354
7799014447
8297040338
8297039175
8297035324
9160297463
7799073096
8297046077
7799004256
9160297507
7799073108
8297046081
7799073666
8297035333
7799014460
7799015013
7799073678
8297035337
7799014464
8297040542
8297039226
8297035341
7799014468
8297040590
8297039238
8297035345
9160297694
7799073159
8297046098
7799004277
9160297738
7799073171
8297046102
7799073729
8297035354
7799014481
7799015034
7799073741
8297035358
7799014485
8297040794
8297039289
8297035362
7799014489
8297040842
8297039301
8297035366
9160297925
7799073222
8297046119
7799004298
9160297969
7799073234
8297046123
7799073792
8297035375
7799014502
7799015055
7799073804
8297035379
7799014506
8297041046
8297039352
7799000375
7799014510
8297041094
8297039364
8297035387
9160298156
7799073285
8297046140
7799004319
9160298200
7799073297
8297046144
7799073855
8297035396
7799014523
7799015076
7799073867
8297035400
7799014527
8297041298
8297039415
8297035404
7799014531
8297041346
8297039427
8297035408
9160298387
7799073348
8297046161
7799004340
9160298431
7799073360
8297046165
7799073918
8297035417
7799014544
7799015097
7799073930
8297035421
7799014548
8297041550
8297039478
8297035425
7799014552
8297041598
8297039490
8297035429
9160298618
7799073411
8297046182
7799004361
9160298662
7799073423
8297046186
7799073981
8297035438
7799014565
7799015118
7799073993
8297035442
7799014569
8297041802
8297039541
7799000396
7799014573
8297041850
8297039553
8297035450
9160298849
7799073474
8297046203
7799004382
9160298893
7799073486
8297046207
7799074044
8297035459
7799014586
7799015139
7799074056
8297035463
7799014590
8297042054
8297039604
8297035467
7799014594
8297042102
8297039616
8297035471
9160299080
7799073537
8297046224
7799004403
9160299124
7799073549
8297046228
7799074107
8297035480
7799014607
7799015160
7799074119
8297035484
7799014611
8297042306
8297039667
8297035488
7799014615
8297042354
8297039679
8297035492
9160299311
7799073600
8297046245
7799004424
9160299355
7799073612
8297046249
7799074170
8297035501
7799014628
7799015181
7799074182
8297035505
7799014632
8297042558
8297039730
7799000417
7799014636
8297042606
8297039742
8297035513
9160299542
7799073663
8297046266
7799004445
9160299586
7799073675
8297046270
7799074233
8297035522
7799014649
7799015202
7799074245
8297035526
7799014653
8297042810
8297039793
8297035530
7799014657
8297042858
8297039805
8297035534
9160299773
7799073726
8297046287
7799004466
9160299817
7799073738
8297046291
7799074296
8297035543
7799014670
7799015223
7799074308
8297035547
7799014674
8297043062
8297039856
8297035551
7799014678
8297043110
8297039868
8297035555
7799001876
8297039325
8297046308
7799004487
7799001924
8297039337
8297046312
7799074359
8297035564
7799014691
7799015244
7799074371
8297035568
7799014695
8297043314
8297039919
7799000438
7799014699
8297043362
8297039931
8297035576
7799002128
8297039388
8297046329
7799004508
7799002176
8297039400
8297046333
7799074422
8297035585
7799014712
7799015265
7799074434
8297035589
7799014716
8297043566
8297039982
8297035593
7799014720
8297043614
8297039994
8297035597
7799002380
8297039451
8297046350
7799004529
7799002428
8297039463
8297046354
7799074485
8297035606
7799014733
7799015286
7799074497
8297035610
7799014737
8297043818
8297040045
8297035614
7799014741
8297043866
8297040057
8297035618
7799002632
8297039514
8297046371
7799004550
7799002680
8297039526
8297046375
7799074548
8297035627
7799014754
7799015307
7799074560
8297035631
7799014758
8297044070
8297040108
7799000459
7799014762
8297044118
8297040120
8297035639
7799002884
8297039577
8297046392
7799004571
7799002932
8297039589
8297046396
7799074611
8297035648
7799014775
7799015328
7799074623
8297035652
7799014779
8297044322
8297040171
8297035656
7799014783
8297044370
8297040183
8297035660
7799003136
8297039640
8297046413
7799004592
7799003184
8297039652
8297046417
7799074674
8297035669
7799014796
7799015349
7799074686
8297035673
7799014800
8297044574
8297040234
8297035677
7799014804
8297044622
8297040246
8297035681
7799003388
8297039703
8297046434
7799004613
7799003436
8297039715
8297046438
7799074737
8297035690
7799014817
7799015370
7799074749
8297035694
7799014821
8297044826
8297040297
7799000480
7799014825
8297044874
8297040309
8297035702
7799003640
8297039766
8297046455
7799004634
7799003688
8297039778
8297046459
7799074800
8297035711
7799014838
7799015391
7799074812
8297035715
7799014842
8297045078
8297040360
8297035719
7799014846
8297045126
8297040372
8297035723
7799003892
8297039829
8297046476
7799004655
7799003940
8297039841
8297046480
7799074863
8297035732
7799014859
7799015412
7799074875
8297035736
7799014863
8297045330
8297040423
8297035740
7799014867
8297045378
8297040435
8297035744
7799004144
8297039892
8297046497
7799004676
7799004192
8297039904
8297046501
7799074926
8297035753
7799014880
7799015433
7799074938
8297035757
7799014884
8297045582
8297040486
7799000501
7799014888
8297045630
8297040498
8297035765
7799004396
8297039955
8297046518
7799004697
7799004444
8297039967
8297046522
7799074989
8297035774
7799014901
7799015454
7799075001
8297035778
7799014905
8297045834
8297040549
8297035782
7799014909
8297045882
8297040561
8297035786
7799004648
8297040018
8297046539
7799004718
7799004696
8297040030
8297046543
7799075052
8297035795
7799014922
7799015475
7799075064
8297035799
7799014926
8297046086
8297040612
8297035803
7799014930
8297046134
8297040624
8297035807
7799004900
8297040081
8297046560
7799004739
7799004948
8297040093
8297046564
7799075115
8297035816
7799014943
7799015496
7799075127
8297035820
7799014947
8297046338
8297040675
7799000522
7799014951
8297046386
8297040687
8297035828
7799005152
8297040144
8297046581
7799004760
7799005200
8297040156
8297046585
7799075178
8297035837
7799014964
7799015517
7799075190
8297035841
7799014968
8297046590
8297040738
8297035845
7799014972
8297046638
8297040750
8297035849
7799005404
8297040207
8297046602
7799004781
7799005452
8297040219
8297046606
7799075241
8297035858
7799014985
7799015538
7799075253
8297035862
7799014989
8297046842
8297040801
8297035866
7799014993
8297046890
8297040813
8297035870
7799005656
8297040270
8297046623
7799004802
7799005704
8297040282
8297046627
7799075304
8297035879
7799015006
7799015559
7799075316
8297035883
7799015010
8297047094
8297040864
7799000543
7799015014
8297047142
8297040876
8297035891
7799005908
8297040333
8297046644
7799004823
7799005956
8297040345
8297046648
7799075367
8297035900
7799015027
7799015580
7799075379
8297035904
7799015031
8297047346
8297040927
8297035908
7799015035
8297047394
8297040939
8297035912
7799006160
8297040396
8297046665
7799004844
7799006208
8297040408
8297046669
7799075430
8297035921
7799015048
7799015601
7799075442
8297035925
7799015052
8297047598
8297040990
8297035929
7799015056
8297047646
8297041002
8297035933
7799006412
8297040459
8297046686
7799004865
7799006460
8297040471
8297046690
7799075493
8297035942
7799015069
7799015622
7799075505
8297035946
7799015073
8297047850
8297041053
7799000564
7799015077
8297047898
8297041065
8297035954
7799006664
8297040522
8297046707
7799004886
7799006712
8297040534
8297046711
7799075556
8297035963
7799015090
7799015643
7799075568
8297035967
7799015094
8297048102
8297041116
8297035971
7799015098
8297048150
8297041128
8297035975
7799006916
8297040585
8297046728
7799004907
7799006964
8297040597
8297046732
7799075619
8297035984
7799015111
7799015664
7799075631
8297035988
7799015115
8297048354
8297041179
8297035992
7799015119
8297048402
8297041191
8297035996
7799007168
8297040648
8297046749
7799004928
7799007216
8297040660
8297046753
7799075682
8297036005
7799015132
7799015685
7799075694
8297036009
7799015136
8297048606
8297041242
7799000585
7799015140
8297048654
8297041254
8297036017
7799007420
8297040711
8297046770
7799004949
7799007468
8297040723
8297046774
7799075745
8297036026
7799015153
7799015706
7799075757
8297036030
7799015157
8297048858
8297041305
8297036034
7799015161
8297048906
8297041317
8297036038
7799007672
8297040774
8297046791
7799004970
7799007720
8297040786
8297046795
7799075808
8297036047
7799015174
7799015727
7799075820
8297036051
7799015178
8297049110
8297041368
8297036055
7799015182
8297049158
8297041380
8297036059
7799007924
8297040837
8297046812
7799004991
7799007972
8297040849
8297046816
7799075871
8297036068
7799015195
7799015748
7799075883
8297036072
7799015199
8297049362
8297041431
7799000606
7799015203
8297049410
8297041443
8297036080
7799008176
8297040900
8297046833
7799005012
7799008224
8297040912
8297046837
7799075934
8297036089
7799015216
7799015769
7799075946
8297036093
7799015220
8297049614
8297041494
8297036097
7799015224
8297049662
8297041506
8297036101
7799008428
8297040963
8297046854
7799005033
7799008476
8297040975
8297046858
7799075997
8297036110
7799015237
7799015790
7799076009
8297036114
7799015241
8297049866
8297041557
8297036118
7799015245
8297049914
8297041569
8297036122
7799008680
8297041026
8297046875
7799005054
7799008728
8297041038
8297046879
7799076060
8297036131
7799015258
7799015811
7799076072
8297036135
7799015262
8297050118
8297041620
7799000627
7799015266
8297050166
8297041632
8297036143
7799008932
8297041089
8297046896
7799005075
7799008980
8297041101
8297046900
7799076123
8297036152
7799015279
7799015832
7799076135
8297036156
7799015283
8297050370
8297041683
8297036160
7799015287
8297050418
8297041695
8297036164
7799009184
8297041152
8297046917
7799005096
7799009232
8297041164
8297046921
7799076186
8297036173
7799015300
7799015853
7799076198
8297036177
7799015304
8297050622
8297041746
8297036181
7799015308
8297050670
8297041758
8297036185
7799009436
8297041215
8297046938
7799005117
7799009484
8297041227
8297046942
7799076249
8297036194
7799015321
7799015874
7799076261
8297036198
7799015325
8297050874
8297041809
7799000648
7799015329
8297050922
8297041821
8297036206
7799009688
8297041278
8297046959
7799005138
7799009736
8297041290
8297046963
7799076312
8297036215
7799015342
7799015895
7799076324
8297036219
7799015346
8297051126
8297041872
8297036223
7799015350
8297051174
8297041884
8297036227
7799009940
8297041341
8297046980
7799005159
7799009988
8297041353
8297046984
7799076375
8297036236
7799015363
7799015916
7799076387
8297036240
7799015367
8297051378
8297041935
8297036244
7799015371
8297051426
8297041947
8297036248
7799010192
8297041404
8297047001
7799005180
7799010240
8297041416
8297047005
7799076438
8297036257
7799015384
7799015937
7799076450
8297036261
7799015388
8297051630
8297041998
7799000669
7799015392
8297051678
8297042010
8297036269
7799010444
8297041467
8297047022
7799005201
7799010492
8297041479
8297047026
7799076501
8297036278
7799015405
7799015958
7799076513
8297036282
7799015409
8297051882
8297042061
8297036286
7799015413
8297051930
8297042073
8297036290
7799010696
8297041530
8297047043
7799005222
7799010744
8297041542
8297047047
7799076564
8297036299
7799015426
7799015979
7799076576
8297036303
7799015430
8297052134
8297042124
8297036307
7799015434
8297052182
8297042136
8297036311
7799010948
8297041593
8297047064
7799005243
7799010996
8297041605
8297047068
7799076627
8297036320
7799015447
7799016000
7799076639
8297036324
7799015451
8297052386
8297042187
7799000690
7799015455
8297052434
8297042199
8297036332
7799011200
8297041656
8297047085
7799005264
7799011248
8297041668
8297047089
7799076690
8297036341
7799015468
7799016021
7799076702
8297036345
7799015472
8297052638
8297042250
8297036349
7799015476
8297052686
8297042262
8297036353
7799011452
8297041719
8297047106
7799005285
7799011500
8297041731
8297047110
7799076753
8297036362
7799015489
7799016042
7799076765
8297036366
7799015493
8297052890
8297042313
8297036370
7799015497
8297052938
8297042325
8297036374
7799011704
8297041782
8297047127
7799005306
7799011752
8297041794
8297047131
7799076816
8297036383
7799015510
7799016063
7799076828
8297036387
7799015514
8297053142
8297042376
7799000711
7799015518
8297053190
8297042388
8297036395
7799011956
8297041845
8297047148
7799005327
7799012004
8297041857
8297047152
7799076879
8297036404
7799015531
7799016084
7799076891
8297036408
7799015535
8297053394
8297042439
8297036412
7799015539
8297053442
8297042451
8297036416
7799012208
8297041908
8297047169
7799005348
7799012256
8297041920
8297047173
7799076942
8297036425
7799015552
7799016105
7799076954
8297036429
7799015556
8297053646
8297042502
8297036433
7799015560
8297053694
8297042514
8297036437
7799012460
8297041971
8297047190
7799005369
7799012508
8297041983
8297047194
7799077005
8297036446
7799015573
7799016126
7799077017
8297036450
7799015577
8297053898
8297042565
7799000732
7799015581
8297053946
8297042577
8297036458
7799012712
8297042034
8297047211
7799005390
7799012760
8297042046
8297047215
7799077068
8297036467
7799015594
7799016147
7799077080
8297036471
7799015598
8297054150
8297042628
8297036475
7799015602
8297054198
8297042640
8297036479
7799012964
8297042097
8297047232
7799005411
7799013012
8297042109
8297047236
7799077131
8297036488
7799015615
7799016168
7799077143
8297036492
7799015619
8297054402
8297042691
8297036496
7799015623
8297054450
8297042703
8297036500
7799013216
8297042160
8297047253
7799005432
7799013264
8297042172
8297047257
7799077194
8297036509
7799015636
7799016189
7799077206
8297036513
7799015640
8297054654
8297042754
7799000753
7799015644
8297054702
8297042766
8297036521
7799013468
8297042223
8297047274
7799005453
7799013516
8297042235
8297047278
7799077257
8297036530
7799015657
7799016210
7799077269
8297036534
7799015661
8297054906
8297042817
8297036538
7799015665
8297054954
8297042829
8297036542
7799013720
8297042286
8297047295
7799005474
7799013768
8297042298
8297047299
7799077320
8297036551
7799015678
7799016231
7799077332
8297036555
7799015682
8297055158
8297042880
8297036559
7799015686
8297055206
8297042892
8297036563
7799013972
8297042349
8297047316
7799005495
7799014020
8297042361
8297047320
7799077383
8297036572
7799015699
7799016252
7799077395
8297036576
7799015703
8297055410
8297042943
7799000774
7799015707
8297055458
8297042955
8297036584
7799014224
8297042412
8297047337
7799005516
7799014272
8297042424
8297047341
7799077446
8297036593
7799015720
7799016273
7799077458
8297036597
7799015724
8297055662
8297043006
8297036601
7799015728
8297055710
8297043018
8297036605
7799014476
8297042475
8297047358
7799005537
7799014524
8297042487
8297047362
7799077509
8297036614
7799015741
7799016294
7799077521
8297036618
7799015745
8297055914
8297043069
8297036622
7799015749
8297055962
8297043081
8297036626
7799014728
8297042538
8297047379
7799005558
7799014776
8297042550
8297047383
7799077572
8297036635
7799015762
7799016315
7799077584
8297036639
7799015766
8297056166
8297043132
7799000795
7799015770
8297056214
8297043144
8297036647
7799014980
8297042601
8297047400
7799005579
7799015028
8297042613
8297047404
7799077635
8297036656
7799015783
7799016336
7799077647
8297036660
7799015787
8297056418
8297043195
8297036664
7799015791
8297056466
8297043207
8297036668
7799015232
8297042664
8297047421
7799005600
7799015280
8297042676
8297047425
7799077698
8297036677
7799015804
7799016357
7799077710
8297036681
7799015808
8297056670
8297043258
8297036685
7799015812
8297056718
8297043270
8297036689
7799015484
8297042727
8297047442
7799005621
7799015532
8297042739
8297047446
7799077761
8297036698
7799015825
7799016378
7799077773
8297036702
7799015829
8297056922
8297043321
7799000816
7799015833
8297056970
8297043333
8297036710
7799015736
8297042790
8297047463
7799005642
7799015784
8297042802
8297047467
7799077824
8297036719
7799015846
7799016399
7799077836
8297036723
7799015850
8297057174
8297043384
8297036727
7799015854
8297057222
8297043396
8297036731
7799015988
8297042853
8297047484
7799005663
7799016036
8297042865
8297047488
7799077887
8297036740
7799015867
7799016420
7799077899
8297036744
7799015871
8297057426
8297043447
8297036748
7799015875
8297057474
8297043459
8297036752
7799016240
8297042916
8297047505
7799005684
7799016288
8297042928
8297047509
7799077950
8297036761
7799015888
7799016441
7799077962
8297036765
7799015892
8297057678
8297043510
7799000837
7799015896
8297057726
8297043522
8297036773
7799016492
8297042979
8297047526
7799005705
7799016540
8297042991
8297047530
7799078013
8297036782
7799015909
7799016462
7799078025
8297036786
7799015913
8297057930
8297043573
8297036790
7799015917
8297057978
8297043585
8297036794
7799016744
8297043042
8297047547
7799005726
7799016792
8297043054
8297047551
7799078076
8297036803
7799015930
7799016483
7799078088
8297036807
7799015934
8297058182
8297043636
8297036811
7799015938
8297058230
8297043648
8297036815
7799016996
8297043105
8297047568
7799005747
7799017044
8297043117
8297047572
7799078139
8297036824
7799015951
7799016504
7799078151
8297036828
7799015955
8297058434
8297043699
7799000858
7799015959
8297058482
8297043711
8297036836
7799017248
8297043168
8297047589
7799005768
7799017296
8297043180
8297047593
7799078202
8297036845
7799015972
7799016525
7799078214
8297036849
7799015976
8297058686
8297043762
8297036853
7799015980
8297058734
8297043774
8297036857
7799017500
8297043231
8297047610
7799005789
7799017548
8297043243
8297047614
7799078265
8297036866
7799015993
7799016546
7799078277
8297036870
7799015997
8297058938
8297043825
8297036874
7799016001
8297058986
8297043837
8297036878
7799017752
8297043294
8297047631
7799005810
7799017800
8297043306
8297047635
7799078328
8297036887
7799016014
7799016567
7799078340
8297036891
7799016018
8297059190
8297043888
7799000879
7799016022
8297059238
8297043900
8297036899
7799018004
8297043357
8297047652
7799005831
7799018052
8297043369
8297047656
7799078391
8297036908
7799016035
7799016588
7799078403
8297036912
7799016039
8297059442
8297043951
8297036916
7799016043
8297059490
8297043963
8297036920
7799018256
8297043420
8297047673
7799005852
7799018304
8297043432
8297047677
7799078454
8297036929
7799016056
7799016609
7799078466
8297036933
7799016060
8297059694
8297044014
8297036937
7799016064
8297059742
8297044026
8297036941
7799018508
8297043483
8297047694
7799005873
7799018556
8297043495
8297047698
7799078517
8297036950
7799016077
7799016630
7799078529
8297036954
7799016081
8297059946
8297044077
7799000900
7799016085
8297059994
8297044089
8297036962
7799018760
8297043546
8297047715
7799005894
7799018808
8297043558
8297047719
7799078580
8297036971
7799016098
7799016651
7799078592
8297036975
7799016102
8297060198
8297044140
8297036979
7799016106
8297060246
8297044152
8297036983
7799019012
8297043609
8297047736
7799005915
7799019060
8297043621
8297047740
7799078643
8297036992
7799016119
7799016672
7799078655
8297036996
7799016123
8297060450
8297044203
8297037000
7799016127
8297060498
8297044215
8297037004
7799019264
8297043672
8297047757
7799005936
7799019312
8297043684
8297047761
7799078706
8297037013
7799016140
7799016693
7799078718
8297037017
7799016144
8297060702
8297044266
7799000921
7799016148
8297060750
8297044278
8297037025
7799019516
8297043735
8297047778
7799005957
7799019564
8297043747
8297047782
7799078769
8297037034
7799016161
7799016714
7799078781
8297037038
7799016165
8297060954
8297044329
8297037042
7799016169
8297061002
8297044341
8297037046
7799019768
8297043798
8297047799
7799005978
7799019816
8297043810
8297047803
7799078832
8297037055
7799016182
7799016735
7799078844
8297037059
7799016186
8297061206
8297044392
8297037063
7799016190
8297061254
8297044404
8297037067
7799020020
8297043861
8297047820
7799005999
7799020068
8297043873
8297047824
7799078895
8297037076
7799016203
7799016756
7799078907
8297037080
7799016207
8297061458
8297044455
7799000942
7799016211
8297061506
8297044467
8297037088
7799020272
8297043924
8297047841
7799006020
7799020320
8297043936
8297047845
7799078958
8297037097
7799016224
7799016777
7799078970
8297037101
7799016228
8297061710
8297044518
8297037105
7799016232
8297061758
8297044530
8297037109
7799020524
8297043987
8297047862
7799006041
7799020572
8297043999
8297047866
7799079021
8297037118
7799016245
7799016798
7799079033
8297037122
7799016249
8297061962
8297044581
8297037126
7799016253
8297062010
8297044593
8297037130
7799020776
8297044050
8297047883
7799006062
7799020824
8297044062
8297047887
7799079084
8297037139
7799016266
7799016819
7799079096
8297037143
7799016270
8297062214
8297044644
7799000963
7799016274
8297062262
8297044656
8297037151
7799021028
8297044113
8297047904
7799006083
7799021076
8297044125
8297047908
7799079147
8297037160
7799016287
7799016840
7799079159
8297037164
7799016291
8297062466
8297044707
8297037168
7799016295
8297062514
8297044719
8297037172
7799021280
8297044176
8297047925
7799006104
7799021328
8297044188
8297047929
7799079210
8297037181
7799016308
7799016861
7799079222
8297037185
7799016312
8297062718
8297044770
8297037189
7799016316
8297062766
8297044782
8297037193
7799021532
8297044239
8297047946
7799006125
7799021580
8297044251
8297047950
7799079273
8297037202
7799016329
7799016882
7799079285
8297037206
7799016333
8297062970
8297044833
7799000984
7799016337
8297063018
8297044845
8297037214
7799021784
8297044302
8297047967
7799006146
7799021832
8297044314
8297047971
7799079336
8297037223
7799016350
7799016903
7799079348
8297037227
7799016354
8297063222
8297044896
8297037231
7799016358
8297063270
8297044908
8297037235
7799022036
8297044365
8297047988
7799006167
7799022084
8297044377
8297047992
7799079399
8297037244
7799016371
7799016924
7799079411
8297037248
7799016375
8297063474
8297044959
8297037252
7799016379
8297063522
8297044971
8297037256
7799022288
8297044428
8297048009
7799006188
7799022336
8297044440
8297048013
7799079462
8297037265
7799016392
7799016945
7799079474
8297037269
7799016396
8297063726
8297045022
7799001005
7799016400
8297063774
8297045034
8297037277
7799022540
8297044491
8297048030
7799006209
7799022588
8297044503
8297048034
7799079525
8297037286
7799016413
7799016966
7799079537
8297037290
7799016417
8297063978
8297045085
8297037294
7799016421
8297064026
8297045097
8297037298
7799022792
8297044554
8297048051
7799006230
7799022840
8297044566
8297048055
7799079588
8297037307
7799016434
7799016987
7799079600
8297037311
7799016438
8297064230
8297045148
8297037315
7799016442
8297064278
8297045160
8297037319
7799023044
8297044617
8297048072
7799006251
7799023092
8297044629
8297048076
7799079651
8297037328
7799016455
7799017008
7799079663
8297037332
7799016459
8297064482
8297045211
7799001026
7799016463
8297064530
8297045223
8297037340
7799023296
8297044680
8297048093
7799006272
7799023344
8297044692
8297048097
7799079714
8297037349
7799016476
7799017029
7799079726
8297037353
7799016480
8297064734
8297045274
8297037357
7799016484
8297064782
8297045286
8297037361
7799023548
8297044743
8297048114
7799006293
7799023596
8297044755
8297048118
7799079777
8297037370
7799016497
7799017050
7799079789
8297037374
7799016501
8297064986
8297045337
8297037378
7799016505
8297065034
8297045349
8297037382
7799023800
8297044806
8297048135
7799006314
7799023848
8297044818
8297048139
7799079840
8297037391
7799016518
7799017071
7799079852
8297037395
7799016522
8297065238
8297045400
7799001047
7799016526
8297065286
8297045412
8297037403
7799024052
8297044869
8297048156
7799006335
7799024100
8297044881
8297048160
7799079903
8297037412
7799016539
7799017092
7799079915
8297037416
7799016543
8297065490
8297045463
8297037420
7799016547
8297065538
8297045475
8297037424
7799024304
8297044932
8297048177
7799006356
7799024352
8297044944
8297048181
7799079966
8297037433
7799016560
7799017113
7799079978
8297037437
7799016564
8297065742
8297045526
8297037441
7799016568
8297065790
8297045538
8297037445
7799024556
8297044995
8297048198
7799006377
7799024604
8297045007
8297048202
7799080029
8297037454
7799016581
7799017134
7799080041
8297037458
7799016585
8297065994
8297045589
7799001068
7799016589
8297066042
8297045601
8297037466
7799024808
8297045058
8297048219
7799006398
7799024856
8297045070
8297048223
7799080092
8297037475
7799016602
7799017155
7799080104
8297037479
7799016606
8297066246
8297045652
8297037483
7799016610
8297066294
8297045664
8297037487
7799025060
8297045121
8297048240
7799006419
7799025108
8297045133
8297048244
7799080155
8297037496
7799016623
7799017176
7799080167
8297037500
7799016627
8297066498
8297045715
8297037504
7799016631
8297066546
8297045727
8297037508
7799025312
8297045184
8297048261
7799006440
7799025360
8297045196
8297048265
7799080218
8297037517
7799016644
7799017197
7799080230
8297037521
7799016648
8297066750
8297045778
7799001089
7799016652
8297066798
8297045790
8297037529
7799025564
8297045247
8297048282
7799006461
7799025612
8297045259
8297048286
7799080281
8297037538
7799016665
7799017218
7799080293
8297037542
7799016669
8297067002
8297045841
8297037546
7799016673
8297067050
8297045853
8297037550
7799025816
8297045310
8297048303
7799006482
7799025864
8297045322
8297048307
7799080344
8297037559
7799016686
7799017239
7799080356
8297037563
7799016690
8297067254
8297045904
8297037567
7799016694
8297067302
8297045916
8297037571
7799026068
8297045373
8297048324
7799006503
7799026116
8297045385
8297048328
7799080407
8297037580
7799016707
7799017260
7799080419
8297037584
7799016711
8297067506
8297045967
7799001110
7799016715
8297067554
8297045979
8297037592
7799026320
8297045436
8297048345
7799006524
7799026368
8297045448
8297048349
7799080470
8297037601
7799016728
7799017281
7799080482
8297037605
7799016732
8297067758
8297046030
8297037609
7799016736
8297067806
8297046042
8297037613
7799026572
8297045499
8297048366
7799006545
7799026620
8297045511
8297048370
7799080533
8297037622
7799016749
7799017302
7799080545
8297037626
7799016753
8297068010
8297046093
8297037630
7799016757
8297068058
8297046105
8297037634
7799026824
8297045562
8297048387
7799006566
7799026872
8297045574
8297048391
7799080596
8297037643
7799016770
7799017323
7799080608
8297037647
7799016774
8297068262
8297046156
7799001131
7799016778
8297068310
8297046168
8297037655
7799027076
8297045625
8297048408
7799006587
7799027124
8297045637
8297048412
7799080659
8297037664
7799016791
7799017344
7799080671
8297037668
7799016795
8297068514
8297046219
8297037672
7799016799
8297068562
8297046231
8297037676
7799027328
8297045688
8297048429
7799006608
7799027376
8297045700
8297048433
7799080722
8297037685
7799016812
7799017365
7799080734
8297037689
7799016816
8297068766
8297046282
8297037693
7799016820
8297068814
8297046294
8297037697
7799027580
8297045751
8297048450
7799006629
7799027628
8297045763
8297048454
7799080785
8297037706
7799016833
7799017386
7799080797
8297037710
7799016837
8297069018
8297046345
7799001152
7799016841
8297069066
8297046357
8297037718
7799027832
8297045814
8297048471
7799006650
7799027880
8297045826
8297048475
7799080848
8297037727
7799016854
7799017407
7799080860
8297037731
7799016858
8297069270
8297046408
8297037735
7799016862
8297069318
8297046420
8297037739
7799028084
8297045877
8297048492
7799006671
7799028132
8297045889
8297048496
7799080911
8297037748
7799016875
7799017428
7799080923
8297037752
7799016879
8297069522
8297046471
8297037756
7799016883
8297069570
8297046483
8297037760
7799028336
8297045940
8297048513
7799006692
7799028384
8297045952
8297048517
7799080974
8297037769
7799016896
7799017449
7799080986
8297037773
7799016900
8297069774
8297046534
7799001173
7799016904
8297069822
8297046546
8297037781
7799028588
8297046003
8297048534
7799006713
7799028636
8297046015
8297048538
7799081037
8297037790
7799016917
7799017470
7799081049
8297037794
7799016921
8297070026
8297046597
8297037798
7799016925
8297070074
8297046609
8297037802
7799028840
8297046066
8297048555
7799006734
7799028888
8297046078
8297048559
7799081100
8297037811
7799016938
7799017491
7799081112
8297037815
7799016942
8297070278
8297046660
8297037819
7799016946
8297070326
8297046672
8297037823
7799029092
8297046129
8297048576
7799006755
7799029140
8297046141
8297048580
7799081163
8297037832
7799016959
7799017512
7799081175
8297037836
7799016963
8297070530
8297046723
7799001194
7799016967
8297070578
8297046735
8297037844
7799029344
8297046192
8297048597
7799006776
7799029392
8297046204
8297048601
7799081226
8297037853
7799016980
7799017533
7799081238
8297037857
7799016984
8297070782
8297046786
8297037861
7799016988
8297070830
8297046798
8297037865
7799029596
8297046255
8297048618
7799006797
7799029644
8297046267
8297048622
7799081289
8297037874
7799017001
7799017554
7799081301
8297037878
7799017005
8297071034
8297046849
8297037882
7799017009
8297071082
8297046861
8297037886
7799029848
8297046318
8297048639
7799006818
7799029896
8297046330
8297048643
7799081352
8297037895
7799017022
7799017575
7799081364
8297037899
7799017026
8297071286
8297046912
7799001215
7799017030
8297071334
8297046924
8297037907
7799030100
8297046381
8297048660
7799006839
7799030148
8297046393
8297048664
7799081415
8297037916
7799017043
7799017596
7799081427
8297037920
7799017047
8297071538
8297046975
8297037924
7799017051
8297071586
8297046987
8297037928
7799030352
8297046444
8297048681
7799006860
7799030400
8297046456
8297048685
7799081478
8297037937
7799017064
7799017617
7799081490
8297037941
7799017068
8297071790
8297047038
8297037945
7799017072
8297071838
8297047050
8297037949
7799030604
8297046507
8297048702
7799006881
7799030652
8297046519
8297048706
7799081541
8297037958
7799017085
7799017638
7799081553
8297037962
7799017089
8297072042
8297047101
7799001236
7799017093
8297072090
8297047113
8297037970
7799030856
8297046570
8297048723
7799006902
7799030904
8297046582
8297048727
7799081604
8297037979
7799017106
7799017659
7799081616
8297037983
7799017110
8297072294
8297047164
8297037987
7799017114
8297072342
8297047176
8297037991
7799031108
8297046633
8297048744
7799006923
7799031156
8297046645
8297048748
7799081667
8297038000
7799017127
7799017680
7799081679
8297038004
7799017131
8297072546
8297047227
8297038008
7799017135
8297072594
8297047239
8297038012
7799031360
8297046696
8297048765
7799006944
7799031408
8297046708
8297048769
7799081730
8297038021
7799017148
7799017701
7799081742
8297038025
7799017152
8297072798
8297047290
7799001257
7799017156
8297072846
8297047302
8297038033
7799031612
8297046759
8297048786
7799006965
7799031660
8297046771
8297048790
7799081793
8297038042
7799017169
7799017722
7799081805
8297038046
7799017173
8297073050
8297047353
8297038050
7799017177
8297073098
8297047365
8297038054
7799031864
8297046822
8297048807
7799006986
7799031912
8297046834
8297048811
7799081856
8297038063
7799017190
7799017743
7799081868
8297038067
7799017194
8297073302
8297047416
8297038071
7799017198
8297073350
8297047428
8297038075
7799032116
8297046885
8297048828
7799007007
7799032164
8297046897
8297048832
7799081919
8297038084
7799017211
7799017764
7799081931
8297038088
7799017215
8297073554
8297047479
7799001278
7799017219
8297073602
8297047491
8297038096
7799032368
8297046948
8297048849
7799007028
7799032416
8297046960
8297048853
7799081982
8297038105
7799017232
7799017785
7799081994
8297038109
7799017236
8297073806
8297047542
8297038113
7799017240
8297073854
8297047554
8297038117
7799032620
8297047011
8297048870
7799007049
7799032668
8297047023
8297048874
7799082045
8297038126
7799017253
7799017806
7799082057
8297038130
7799017257
8297074058
8297047605
8297038134
7799017261
8297074106
8297047617
8297038138
7799032872
8297047074
8297048891
7799007070
7799032920
8297047086
8297048895
7799082108
8297038147
7799017274
7799017827
7799082120
8297038151
7799017278
8297074310
8297047668
7799001299
7799017282
8297074358
8297047680
8297038159
7799033124
8297047137
8297048912
7799007091
7799033172
8297047149
8297048916
7799082171
8297038168
7799017295
7799017848
7799082183
8297038172
7799017299
8297074562
8297047731
8297038176
7799017303
8297074610
8297047743
8297038180
7799033376
8297047200
8297048933
7799007112
7799033424
8297047212
8297048937
7799082234
8297038189
7799017316
7799017869
7799082246
8297038193
7799017320
8297074814
8297047794
8297038197
7799017324
8297074862
8297047806
8297038201
7799033628
8297047263
8297048954
7799007133
7799033676
8297047275
8297048958
7799082297
8297038210
7799017337
7799017890
7799082309
8297038214
7799017341
8297075066
8297047857
7799001320
7799017345
8297075114
8297047869
8297038222
7799033880
8297047326
8297048975
7799007154
7799033928
8297047338
8297048979
7799082360
8297038231
7799017358
7799017911
7799082372
8297038235
7799017362
8297075318
8297047920
8297038239
7799017366
8297075366
8297047932
8297038243
7799034132
8297047389
8297048996
7799007175
7799034180
8297047401
8297049000
7799082423
8297038252
7799017379
7799017932
7799082435
8297038256
7799017383
8297075570
8297047983
8297038260
7799017387
8297075618
8297047995
8297038264
7799034384
8297047452
8297049017
7799007196
7799034432
8297047464
8297049021
7799082486
8297038273
7799017400
7799017953
7799082498
8297038277
7799017404
8297075822
8297048046
7799001341
7799017408
8297075870
8297048058
8297038285
7799034636
8297047515
8297049038
7799007217
7799034684
8297047527
8297049042
7799082549
8297038294
7799017421
7799017974
7799082561
8297038298
7799017425
8297076074
8297048109
8297038302
7799017429
8297076122
8297048121
8297038306
7799034888
8297047578
8297049059
7799007238
7799034936
8297047590
8297049063
7799082612
8297038315
7799017442
7799017995
7799082624
8297038319
7799017446
8297076326
8297048172
8297038323
7799017450
8297076374
8297048184
8297038327
7799035140
8297047641
8297049080
7799007259
7799035188
8297047653
8297049084
7799082675
8297038336
7799017463
7799018016
7799082687
8297038340
7799017467
8297076578
8297048235
7799001362
7799017471
8297076626
8297048247
8297038348
7799035392
8297047704
8297049101
7799007280
7799035440
8297047716
8297049105
7799082738
8297038357
7799017484
7799018037
7799082750
8297038361
7799017488
8297076830
8297048298
8297038365
7799017492
8297076878
8297048310
8297038369
7799035644
8297047767
8297049122
7799007301
7799035692
8297047779
8297049126
7799082801
8297038378
7799017505
7799018058
7799082813
8297038382
7799017509
8297077082
8297048361
8297038386
7799017513
8297077130
8297048373
8297038390
7799035896
8297047830
8297049143
7799007322
7799035944
8297047842
8297049147
7799082864
8297038399
7799017526
7799018079
7799082876
8297038403
7799017530
8297077334
8297048424
7799001383
7799017534
8297077382
8297048436
8297038411
7799036148
8297047893
8297049164
7799007343
7799036196
8297047905
8297049168
7799082927
8297038420
7799017547
7799018100
7799082939
8297038424
7799017551
8297077586
8297048487
8297038428
7799017555
8297077634
8297048499
8297038432
7799036400
8297047956
8297049185
7799007364
7799036448
8297047968
8297049189
7799082990
8297038441
7799017568
7799018121
7799083002
8297038445
7799017572
8297077838
8297048550
8297038449
7799017576
8297077886
8297048562
8297038453
7799036652
8297048019
8297049206
7799007385
7799036700
8297048031
8297049210
7799083053
8297038462
7799017589
7799018142
7799083065
8297038466
7799017593
8297078090
8297048613
7799001404
7799017597
8297078138
8297048625
8297038474
7799036904
8297048082
8297049227
7799007406
7799036952
8297048094
8297049231
7799083116
8297038483
7799017610
7799018163
7799083128
8297038487
7799017614
8297078342
8297048676
8297038491
7799017618
8297078390
8297048688
8297038495
7799037156
8297048145
8297049248
7799007427
7799037204
8297048157
8297049252
7799083179
8297038504
7799017631
7799018184
7799083191
8297038508
7799017635
8297078594
8297048739
8297038512
7799017639
8297078642
8297048751
8297038516
7799037408
8297048208
8297049269
7799007448
7799037456
8297048220
8297049273
7799083242
8297038525
7799017652
7799018205
7799083254
8297038529
7799017656
8297078846
8297048802
7799001425
7799017660
8297078894
8297048814
8297038537
7799037660
8297048271
8297049290
7799007469
7799037708
8297048283
8297049294
7799083305
8297038546
7799017673
7799018226
7799083317
8297038550
7799017677
8297079098
8297048865
8297038554
7799017681
8297079146
8297048877
8297038558
7799037912
8297048334
8297049311
7799007490
7799037960
8297048346
8297049315
7799083368
8297038567
7799017694
7799018247
7799083380
8297038571
7799017698
8297079350
8297048928
8297038575
7799017702
8297079398
8297048940
8297038579
7799038164
8297048397
8297049332
7799007511
7799038212
8297048409
8297049336
7799083431
8297038588
7799017715
7799018268
7799083443
8297038592
7799017719
8297079602
8297048991
7799001446
7799017723
8297079650
8297049003
8297038600
7799038416
8297048460
8297049353
7799007532
7799038464
8297048472
8297049357
7799083494
8297038609
7799017736
7799018289
7799083506
8297038613
7799017740
8297079854
8297049054
8297038617
7799017744
8297079902
8297049066
8297038621
7799038668
8297048523
8297049374
7799007553
7799038716
8297048535
8297049378
7799083557
8297038630
7799017757
7799018310
7799083569
8297038634
7799017761
8297080106
8297049117
8297038638
7799017765
8297080154
8297049129
8297038642
7799038920
8297048586
8297049395
7799007574
7799038968
8297048598
8297049399
7799083620
8297038651
7799017778
7799018331
7799083632
8297038655
7799017782
8297080358
8297049180
7799001467
7799017786
8297080406
8297049192
8297038663
7799039172
8297048649
8297049416
7799007595
7799039220
8297048661
8297049420
7799083683
8297038672
7799017799
7799018352
7799083695
8297038676
7799017803
8297080610
8297049243
8297038680
7799017807
8297080658
8297049255
8297038684
7799039424
8297048712
8297049437
7799007616
7799039472
8297048724
8297049441
7799083746
8297038693
7799017820
7799018373
7799083758
8297038697
7799017824
8297080862
8297049306
8297038701
7799017828
8297080910
8297049318
8297038705
7799039676
8297048775
8297049458
7799007637
7799039724
8297048787
8297049462
7799083809
8297038714
7799017841
7799018394
7799083821
8297038718
7799017845
8297081114
8297049369
7799001488
7799017849
8297081162
8297049381
8297038726
7799039928
8297048838
8297049479
7799007658
7799039976
8297048850
8297049483
7799083872
8297038735
7799017862
7799018415
7799083884
8297038739
7799017866
8297081366
8297049432
8297038743
7799017870
8297081414
8297049444
8297038747
7799040180
8297048901
8297049500
7799007679
7799040228
8297048913
8297049504
7799083935
8297038756
7799017883
7799018436
7799083947
8297038760
7799017887
8297081618
8297049495
8297038764
7799017891
8297081666
8297049507
8297038768
7799040432
8297048964
8297049521
7799007700
7799040480
8297048976
8297049525
7799083998
8297038777
7799017904
7799018457
7799084010
8297038781
7799017908
8297081870
8297049558
7799001509
7799017912
8297081918
8297049570
8297038789
7799040684
8297049027
8297049542
7799007721
7799040732
8297049039
8297049546
7799084061
8297038798
7799017925
7799018478
7799084073
8297038802
7799017929
8297082122
8297049621
8297038806
7799017933
8297082170
8297049633
8297038810
7799040936
8297049090
8297049563
7799007742
7799040984
8297049102
8297049567
7799084124
8297038819
7799017946
7799018499
7799084136
8297038823
7799017950
8297082374
8297049684
8297038827
7799017954
8297082422
8297049696
8297038831
7799041188
8297049153
8297049584
7799007763
7799041236
8297049165
8297049588
7799084187
8297038840
7799017967
7799018520
7799084199
8297038844
7799017971
8297082626
8297049747
7799001530
7799017975
8297082674
8297049759
8297038852
7799041440
8297049216
8297049605
7799007784
7799041488
8297049228
8297049609
7799084250
8297038861
7799017988
7799018541
7799084262
8297038865
7799017992
8297082878
8297049810
8297038869
7799017996
8297082926
8297049822
8297038873
7799041692
8297049279
8297049626
7799007805
7799041740
8297049291
8297049630
7799084313
8297038882
7799018009
7799018562
7799084325
8297038886
7799018013
8297083130
8297049873
8297038890
7799018017
8297083178
8297049885
8297038894
7799041944
8297049342
8297049647
7799007826
7799041992
8297049354
8297049651
7799084376
8297038903
7799018030
7799018583
7799084388
8297038907
7799018034
8297083382
8297049936
7799001551
7799018038
8297083430
8297049948
8297038915
7799042196
8297049405
8297049668
7799007847
7799042244
8297049417
8297049672
7799084439
8297038924
7799018051
7799018604
7799084451
8297038928
7799018055
8297083634
8297049999
8297038932
7799018059
8297083682
8297050011
8297038936
7799042448
8297049468
8297049689
7799007868
7799042496
8297049480
8297049693
7799084502
8297038945
7799018072
7799018625
7799084514
8297038949
7799018076
8297083886
8297050062
8297038953
7799018080
8297083934
8297050074
8297038957
7799042700
8297049531
8297049710
7799007889
7799042748
8297049543
8297049714
7799084565
8297038966
7799018093
7799018646
7799084577
8297038970
7799018097
8297084138
8297050125
7799001572
7799018101
8297084186
8297050137
8297038978
7799042952
8297049594
8297049731
7799007910
7799043000
8297049606
8297049735
7799084628
8297038987
7799018114
7799018667
7799084640
8297038991
7799018118
8297084390
8297050188
8297038995
7799018122
8297084438
8297050200
8297038999
7799043204
8297049657
8297049752
7799007931
7799043252
8297049669
8297049756
7799084691
8297039008
7799018135
7799018688
7799084703
8297039012
7799018139
8297084642
8297050251
8297039016
7799018143
8297084690
8297050263
8297039020
7799043456
8297049720
8297049773
7799007952
7799043504
8297049732
8297049777
7799084754
8297039029
7799018156
7799018709
7799084766
8297039033
7799018160
8297084894
8297050314
7799001593
7799018164
8297084942
8297050326
8297039041
7799043708
8297049783
8297049794
7799007973
7799043756
8297049795
8297049798
7799084817
8297039050
7799018177
7799018730
7799084829
8297039054
7799018181
8297085146
8297050377
8297039058
7799018185
8297085194
8297050389
8297039062
7799043960
8297049846
8297049815
7799007994
7799044008
8297049858
8297049819
7799084880
8297039071
7799018198
7799018751
7799084892
8297039075
7799018202
8297085398
8297050440
8297039079
7799018206
8297085446
8297050452
8297039083
7799044212
8297049909
8297049836
7799008015
7799044260
8297049921
8297049840
7799084943
8297039092
7799018219
7799018772
7799084955
8297039096
7799018223
8297085650
8297050503
7799001614
7799018227
8297085698
8297050515
8297039104
7799044464
8297049972
8297049857
7799008036
7799044512
8297049984
8297049861
7799085006
8297039113
7799018240
7799018793
7799085018
8297039117
7799018244
8297085902
8297050566
8297039121
7799018248
8297085950
8297050578
8297039125
7799044716
8297050035
8297049878
7799008057
7799044764
8297050047
8297049882
7799085069
8297039134
7799018261
7799018814
7799085081
8297039138
7799018265
8297086154
8297050629
8297039142
7799018269
8297086202
8297050641
8297039146
7799044968
8297050098
8297049899
7799008078
7799045016
8297050110
8297049903
7799085132
8297039155
7799018282
7799018835
7799085144
8297039159
7799018286
8297086406
8297050692
7799001635
7799018290
8297086454
8297050704
8297039167
7799045220
8297050161
8297049920
7799008099
7799045268
8297050173
8297049924
7799085195
8297039176
7799018303
7799018856
7799085207
8297039180
7799018307
8297086658
8297050755
8297039184
7799018311
8297086706
8297050767
8297039188
7799045472
8297050224
8297049941
7799008120
7799045520
8297050236
8297049945
7799085258
8297039197
7799018324
7799018877
7799085270
8297039201
7799018328
8297086910
8297050818
8297039205
7799018332
8297086958
8297050830
8297039209
7799045724
8297050287
8297049962
7799008141
7799045772
8297050299
8297049966
7799085321
8297039218
7799018345
7799018898
7799085333
8297039222
7799018349
8297087162
8297050881
7799001656
7799018353
8297087210
8297050893
8297039230
7799045976
8297050350
8297049983
7799008162
7799046024
8297050362
8297049987
7799085384
8297039239
7799018366
7799018919
7799085396
8297039243
7799018370
8297087414
8297050944
8297039247
7799018374
8297087462
8297050956
8297039251
7799046228
8297050413
8297050004
7799008183
7799046276
8297050425
8297050008
7799085447
8297039260
7799018387
7799018940
7799085459
8297039264
7799018391
8297087666
8297051007
8297039268
7799018395
8297087714
8297051019
8297039272
7799046480
8297050476
8297050025
7799008204
7799046528
8297050488
8297050029
7799085510
8297039281
7799018408
7799018961
7799085522
8297039285
7799018412
8297087918
8297051070
7799001677
7799018416
8297087966
8297051082
8297039293
7799046732
8297050539
8297050046
7799008225
7799046780
8297050551
8297050050
7799085573
8297039302
7799018429
7799018982
7799085585
8297039306
7799018433
8297088170
8297051133
8297039310
7799018437
8297088218
8297051145
8297039314
7799046984
8297050602
8297050067
7799008246
7799047032
8297050614
8297050071
7799085636
8297039323
7799018450
7799019003
7799085648
8297039327
7799018454
8297088422
8297051196
8297039331
7799018458
8297088470
8297051208
8297039335
7799047236
8297050665
8297050088
7799008267
7799047284
8297050677
8297050092
7799085699
8297039344
7799018471
7799019024
7799085711
8297039348
7799018475
8297088674
8297051259
7799001698
7799018479
8297088722
8297051271
8297039356
7799047488
8297050728
8297050109
7799008288
7799047536
8297050740
8297050113
7799085762
8297039365
7799018492
7799019045
7799085774
8297039369
7799018496
8297088926
8297051322
8297039373
7799018500
8297088974
8297051334
8297039377
7799047740
8297050791
8297050130
7799008309
7799047788
8297050803
8297050134
7799085825
8297039386
7799018513
7799019066
7799085837
8297039390
7799018517
8297089178
8297051385
8297039394
7799018521
8297089226
8297051397
8297039398
7799047992
8297050854
8297050151
7799008330
7799048040
8297050866
8297050155
7799085888
8297039407
7799018534
7799019087
7799085900
8297039411
7799018538
8297089430
8297051448
7799001719
7799018542
8297089478
8297051460
8297039419
7799048244
8297050917
8297050172
7799008351
7799048292
8297050929
8297050176
7799085951
8297039428
7799018555
7799019108
7799085963
8297039432
7799018559
8297089682
8297051511
8297039436
7799018563
8297089730
8297051523
8297039440
7799048496
8297050980
8297050193
7799008372
7799048544
8297050992
8297050197
7799086014
8297039449
7799018576
7799019129
7799086026
8297039453
7799018580
8297089934
8297051574
8297039457
7799018584
8297089982
8297051586
8297039461
7799048748
8297051043
8297050214
7799008393
7799048796
8297051055
8297050218
7799086077
8297039470
7799018597
7799019150
7799086089
8297039474
7799018601
8297090186
8297051637
7799001740
7799018605
8297090234
8297051649
8297039482
7799049000
8297051106
8297050235
7799008414
7799049048
8297051118
8297050239
7799086140
8297039491
7799018618
7799019171
7799086152
8297039495
7799018622
8297090438
8297051700
8297039499
7799018626
8297090486
8297051712
8297039503
7799049252
8297051169
8297050256
7799008435
7799049300
8297051181
8297050260
7799086203
8297039512
7799018639
7799019192
7799086215
8297039516
7799018643
8297090690
8297051763
8297039520
7799018647
8297090738
8297051775
8297039524
7799049504
8297051232
8297050277
7799008456
7799049552
8297051244
8297050281
7799086266
8297039533
7799018660
7799019213
7799086278
8297039537
7799018664
8297090942
8297051826
7799001761
7799018668
8297090990
8297051838
8297039545
7799049756
8297051295
8297050298
7799008477
7799049804
8297051307
8297050302
7799086329
8297039554
7799018681
7799019234
7799086341
8297039558
7799018685
8297091194
8297051889
8297039562
7799018689
8297091242
8297051901
8297039566
7799050008
8297051358
8297050319
7799008498
7799050056
8297051370
8297050323
7799086392
8297039575
7799018702
7799019255
7799086404
8297039579
7799018706
8297091446
8297051952
8297039583
7799018710
8297091494
8297051964
8297039587
7799050260
8297051421
8297050340
7799008519
7799050308
8297051433
8297050344
7799086455
8297039596
7799018723
7799019276
7799086467
8297039600
7799018727
8297091698
8297052015
7799001782
7799018731
8297091746
8297052027
8297039608
7799050512
8297051484
8297050361
7799008540
7799050560
8297051496
8297050365
7799086518
8297039617
7799018744
7799019297
7799086530
8297039621
7799018748
8297091950
8297052078
8297039625
7799018752
8297091998
8297052090
8297039629
7799050764
8297051547
8297050382
7799008561
7799050812
8297051559
8297050386
7799086581
8297039638
7799018765
7799019318
7799086593
8297039642
7799018769
8297092202
8297052141
8297039646
7799018773
8297092250
8297052153
8297039650
7799051016
8297051610
8297050403
7799008582
7799051064
8297051622
8297050407
7799086644
8297039659
7799018786
7799019339
7799086656
8297039663
7799018790
8297092454
8297052204
7799001803
7799018794
8297092502
8297052216
8297039671
7799051268
8297051673
8297050424
7799008603
7799051316
8297051685
8297050428
7799086707
8297039680
7799018807
7799019360
7799086719
8297039684
7799018811
8297092706
8297052267
8297039688
7799018815
8297092754
8297052279
8297039692
7799051520
8297051736
8297050445
7799008624
7799051568
8297051748
8297050449
7799086770
8297039701
7799018828
7799019381
7799086782
8297039705
7799018832
8297092958
8297052330
8297039709
7799018836
8297093006
8297052342
8297039713
7799051772
8297051799
8297050466
7799008645
7799051820
8297051811
8297050470
7799086833
8297039722
7799018849
7799019402
7799086845
8297039726
7799018853
8297093210
8297052393
7799001824
7799018857
8297093258
8297052405
8297039734
7799052024
8297051862
8297050487
7799008666
7799052072
8297051874
8297050491
7799086896
8297039743
7799018870
7799019423
7799086908
8297039747
7799018874
8297093462
8297052456
8297039751
7799018878
8297093510
8297052468
8297039755
7799052276
8297051925
8297050508
7799008687
7799052324
8297051937
8297050512
7799086959
8297039764
7799018891
7799019444
7799086971
8297039768
7799018895
8297093714
8297052519
8297039772
7799018899
8297093762
8297052531
8297039776
7799052528
8297051988
8297050529
7799008708
7799052576
8297052000
8297050533
7799087022
8297039785
7799018912
7799019465
7799087034
8297039789
7799018916
8297093966
8297052582
7799001845
7799018920
8297094014
8297052594
8297039797
7799052780
8297052051
8297050550
7799008729
7799052828
8297052063
8297050554
7799087085
8297039806
7799018933
7799019486
7799087097
8297039810
7799018937
8297094218
8297052645
8297039814
7799018941
8297094266
8297052657
8297039818
7799053032
8297052114
8297050571
7799008750
7799053080
8297052126
8297050575
7799087148
8297039827
7799018954
7799019507
7799087160
8297039831
7799018958
8297094470
8297052708
8297039835
7799018962
8297094518
8297052720
8297039839
7799053284
8297052177
8297050592
7799008771
7799053332
8297052189
8297050596
7799087211
8297039848
7799018975
7799019528
7799087223
8297039852
7799018979
8297094722
8297052771
7799001866
7799018983
8297094770
8297052783
8297039860
7799053536
8297052240
8297050613
7799008792
7799053584
8297052252
8297050617
7799087274
8297039869
7799018996
7799019549
7799087286
8297039873
7799019000
8297094974
8297052834
8297039877
7799019004
8297095022
8297052846
8297039881
7799053788
8297052303
8297050634
7799008813
7799053836
8297052315
8297050638
7799087337
8297039890
7799019017
7799019570
7799087349
8297039894
7799019021
8297095226
8297052897
8297039898
7799019025
8297095274
8297052909
8297039902
7799054040
8297052366
8297050655
7799008834
7799054088
8297052378
8297050659
7799087400
8297039911
7799019038
7799019591
7799087412
8297039915
7799019042
8297095478
8297052960
7799001887
7799019046
8297095526
8297052972
8297039923
7799054292
8297052429
8297050676
7799008855
7799054340
8297052441
8297050680
7799087463
8297039932
7799019059
7799019612
7799087475
8297039936
7799019063
8297095730
8297053023
8297039940
7799019067
8297095778
8297053035
8297039944
7799054544
8297052492
8297050697
7799008876
7799054592
8297052504
8297050701
7799087526
8297039953
7799019080
7799019633
7799087538
8297039957
7799019084
8297095982
8297053086
8297039961
7799019088
8297096030
8297053098
8297039965
7799054796
8297052555
8297050718
7799008897
7799054844
8297052567
8297050722
7799087589
8297039974
7799019101
7799019654
7799087601
8297039978
7799019105
8297096234
8297053149
7799001908
7799019109
8297096282
8297053161
8297039986
7799055048
8297052618
8297050739
7799008918
7799055096
8297052630
8297050743
7799087652
8297039995
7799019122
7799019675
7799087664
8297039999
7799019126
8297096486
8297053212
8297040003
7799019130
8297096534
8297053224
8297040007
7799055300
8297052681
8297050760
7799008939
7799055348
8297052693
8297050764
7799087715
8297040016
7799019143
7799019696
7799087727
8297040020
7799019147
8297096738
8297053275
8297040024
7799019151
8297096786
8297053287
8297040028
7799055552
8297052744
8297050781
7799008960
7799055600
8297052756
8297050785
7799087778
8297040037
7799019164
7799019717
7799087790
8297040041
7799019168
8297096990
8297053338
7799001929
7799019172
8297097038
8297053350
8297040049
7799055804
8297052807
8297050802
7799008981
7799055852
8297052819
8297050806
7799087841
8297040058
7799019185
7799019738
7799087853
8297040062
7799019189
8297097242
8297053401
8297040066
7799019193
8297097290
8297053413
8297040070
7799056056
8297052870
8297050823
7799009002
7799056104
8297052882
8297050827
7799087904
8297040079
7799019206
7799019759
7799087916
8297040083
7799019210
8297097494
8297053464
8297040087
7799019214
8297097542
8297053476
8297040091
7799056308
8297052933
8297050844
7799009023
7799056356
8297052945
8297050848
7799087967
8297040100
7799019227
7799019780
7799087979
8297040104
7799019231
8297097746
8297053527
7799001950
7799019235
8297097794
8297053539
8297040112
7799056560
8297052996
8297050865
7799009044
7799056608
8297053008
8297050869
7799088030
8297040121
7799019248
7799019801
7799088042
8297040125
7799019252
8297097998
8297053590
8297040129
7799019256
8297098046
8297053602
8297040133
7799056812
8297053059
8297050886
7799009065
7799056860
8297053071
8297050890
7799088093
8297040142
7799019269
7799019822
7799088105
8297040146
7799019273
8297098250
8297053653
8297040150
7799019277
8297098298
8297053665
8297040154
7799057064
8297053122
8297050907
7799009086
7799057112
8297053134
8297050911
7799088156
8297040163
7799019290
7799019843
7799088168
8297040167
7799019294
8297098502
8297053716
7799001971
7799019298
8297098550
8297053728
8297040175
7799057316
8297053185
8297050928
7799009107
7799057364
8297053197
8297050932
7799088219
8297040184
7799019311
7799019864
7799088231
8297040188
7799019315
8297098754
8297053779
8297040192
7799019319
8297098802
8297053791
8297040196
7799057568
8297053248
8297050949
7799009128
7799057616
8297053260
8297050953
7799088282
8297040205
7799019332
7799019885
7799088294
8297040209
7799019336
8297099006
8297053842
8297040213
7799019340
8297099054
8297053854
8297040217
7799057820
8297053311
8297050970
7799009149
7799057868
8297053323
8297050974
7799088345
8297040226
7799019353
7799019906
7799088357
8297040230
7799019357
8297099258
8297053905
7799001992
7799019361
8297099306
8297053917
8297040238
7799058072
8297053374
8297050991
7799009170
7799058120
8297053386
8297050995
7799088408
8297040247
7799019374
7799019927
7799088420
8297040251
7799019378
8297099510
8297053968
8297040255
7799019382
8297099558
8297053980
8297040259
7799058324
8297053437
8297051012
7799009191
7799058372
8297053449
8297051016
7799088471
8297040268
7799019395
7799019948
7799088483
8297040272
7799019399
8297099762
8297054031
8297040276
7799019403
8297099810
8297054043
8297040280
7799058576
8297053500
8297051033
